time_s,raw_code,volts
0.0,33,1.32
4e-07,31,1.24
8e-07,33,1.32
1.2e-06,31,1.24
1.6e-06,31,1.24
2e-06,28,1.12
2.4e-06,31,1.24
2.8e-06,28,1.12
3.2e-06,28,1.12
3.6e-06,27,1.08
4e-06,28,1.12
4.4e-06,26,1.04
4.8e-06,26,1.04
5.199999999999999e-06,24,0.96
5.6e-06,26,1.04
6e-06,24,0.96
6.4e-06,24,0.96
6.799999999999999e-06,22,0.88
7.2e-06,24,0.96
7.6e-06,22,0.88
8e-06,22,0.88
8.4e-06,21,0.84
8.8e-06,22,0.88
9.2e-06,21,0.84
9.6e-06,20,0.8
9.999999999999999e-06,19,0.76
1.0399999999999999e-05,20,0.8
1.08e-05,19,0.76
1.12e-05,19,0.76
1.1599999999999999e-05,18,0.72
1.2e-05,19,0.76
1.24e-05,18,0.72
1.28e-05,17,0.68
1.3199999999999999e-05,16,0.64
1.3599999999999999e-05,18,0.72
1.4e-05,16,0.64
1.44e-05,16,0.64
1.4799999999999999e-05,15,0.6
1.52e-05,16,0.64
1.56e-05,15,0.6
1.6e-05,15,0.6
1.64e-05,14,0.56
1.68e-05,15,0.6
1.7199999999999998e-05,14,0.56
1.76e-05,14,0.56
1.8e-05,13,0.52
1.84e-05,14,0.56
1.88e-05,13,0.52
1.92e-05,13,0.52
1.96e-05,12,0.48
1.9999999999999998e-05,13,0.52
2.0399999999999998e-05,11,0.44
2.0799999999999997e-05,12,0.48
2.12e-05,11,0.44
2.16e-05,12,0.48
2.2e-05,11,0.44
2.24e-05,11,0.44
2.28e-05,10,0.4
2.3199999999999998e-05,11,0.44
2.3599999999999998e-05,10,0.4
2.4e-05,11,0.44
2.44e-05,10,0.4
2.48e-05,10,0.4
2.52e-05,10,0.4
2.56e-05,9,0.36
2.6e-05,8,0.32
2.6399999999999998e-05,10,0.4
2.6799999999999998e-05,8,0.32
2.7199999999999997e-05,8,0.32
2.76e-05,8,0.32
2.8e-05,9,0.36
2.84e-05,8,0.32
2.88e-05,8,0.32
2.9199999999999998e-05,7,0.28
2.9599999999999998e-05,8,0.32
2.9999999999999997e-05,7,0.28
3.04e-05,7,0.28
3.0799999999999996e-05,6,0.24
3.12e-05,7,0.28
3.1599999999999996e-05,7,0.28
3.2e-05,7,0.28
3.24e-05,6,0.24
3.28e-05,7,0.28
3.32e-05,6,0.24
3.36e-05,7,0.28
3.4e-05,6,0.24
3.4399999999999996e-05,6,0.24
3.48e-05,6,0.24
3.52e-05,6,0.24
3.56e-05,5,0.2
3.6e-05,6,0.24
3.64e-05,5,0.2
3.68e-05,5,0.2
3.7199999999999996e-05,5,0.2
3.76e-05,6,0.24
3.7999999999999995e-05,5,0.2
3.84e-05,5,0.2
3.88e-05,4,0.16
3.92e-05,5,0.2
3.96e-05,5,0.2
3.9999999999999996e-05,5,0.2
4.04e-05,4,0.16
4.0799999999999996e-05,5,0.2
4.12e-05,4,0.16
4.1599999999999995e-05,4,0.16
4.2e-05,4,0.16
4.24e-05,4,0.16
4.28e-05,4,0.16
4.32e-05,4,0.16
4.3599999999999996e-05,4,0.16
4.4e-05,4,0.16
4.4399999999999995e-05,4,0.16
4.48e-05,3,0.12
4.52e-05,3,0.12
4.56e-05,4,0.16
4.6e-05,3,0.12
4.6399999999999996e-05,4,0.16
4.68e-05,3,0.12
4.7199999999999995e-05,4,0.16
4.76e-05,3,0.12
4.8e-05,3,0.12
4.84e-05,3,0.12
4.88e-05,4,0.16
4.9199999999999997e-05,3,0.12
4.96e-05,3,0.12
4.9999999999999996e-05,3,0.12
5.04e-05,3,0.12
5.0799999999999995e-05,3,0.12
5.12e-05,3,0.12
5.16e-05,3,0.12
5.2e-05,3,0.12
5.24e-05,3,0.12
5.2799999999999996e-05,3,0.12
5.32e-05,2,0.08
5.3599999999999995e-05,3,0.12
5.4e-05,3,0.12
5.4399999999999994e-05,3,0.12
5.48e-05,2,0.08
5.52e-05,3,0.12
5.5599999999999996e-05,2,0.08
5.6e-05,2,0.08
5.6399999999999995e-05,2,0.08
5.68e-05,3,0.12
5.7199999999999994e-05,2,0.08
5.76e-05,2,0.08
5.8e-05,2,0.08
5.8399999999999997e-05,3,0.12
5.88e-05,2,0.08
5.9199999999999996e-05,2,0.08
5.96e-05,2,0.08
5.9999999999999995e-05,2,0.08
6.04e-05,2,0.08
6.08e-05,2,0.08
6.12e-05,2,0.08
6.159999999999999e-05,2,0.08
6.2e-05,2,0.08
6.24e-05,2,0.08
6.28e-05,2,0.08
6.319999999999999e-05,2,0.08
6.36e-05,2,0.08
6.4e-05,2,0.08
6.44e-05,2,0.08
6.48e-05,2,0.08
6.52e-05,2,0.08
6.56e-05,2,0.08
6.599999999999999e-05,1,0.04
6.64e-05,2,0.08
6.68e-05,2,0.08
6.72e-05,2,0.08
6.76e-05,1,0.04
6.8e-05,2,0.08
6.84e-05,1,0.04
6.879999999999999e-05,2,0.08
6.92e-05,1,0.04
6.96e-05,2,0.08
7e-05,1,0.04
7.04e-05,2,0.08
7.08e-05,1,0.04
7.12e-05,2,0.08
7.159999999999999e-05,1,0.04
7.2e-05,1,0.04
7.24e-05,1,0.04
7.28e-05,2,0.08
7.319999999999999e-05,2,0.08
7.36e-05,1,0.04
7.4e-05,1,0.04
7.439999999999999e-05,2,0.08
7.48e-05,2,0.08
7.52e-05,2,0.08
7.56e-05,1,0.04
7.599999999999999e-05,2,0.08
7.64e-05,1,0.04
7.68e-05,1,0.04
7.719999999999999e-05,1,0.04
7.76e-05,2,0.08
7.8e-05,1,0.04
7.84e-05,1,0.04
7.879999999999999e-05,1,0.04
7.92e-05,1,0.04
7.96e-05,1,0.04
7.999999999999999e-05,1,0.04
8.04e-05,1,0.04
8.08e-05,2,0.08
8.12e-05,3,0.12
8.159999999999999e-05,4,0.16
8.2e-05,4,0.16
8.24e-05,8,0.32
8.28e-05,10,0.4
8.319999999999999e-05,10,0.4
8.36e-05,11,0.44
8.4e-05,14,0.56
8.439999999999999e-05,15,0.6
8.48e-05,16,0.64
8.52e-05,16,0.64
8.56e-05,20,0.8
8.599999999999999e-05,20,0.8
8.64e-05,20,0.8
8.68e-05,22,0.88
8.719999999999999e-05,25,1.0
8.76e-05,26,1.04
8.8e-05,26,1.04
8.84e-05,27,1.08
8.879999999999999e-05,29,1.16
8.92e-05,30,1.2
8.96e-05,30,1.2
8.999999999999999e-05,31,1.24
9.04e-05,34,1.36
9.08e-05,34,1.36
9.12e-05,35,1.4
9.159999999999999e-05,35,1.4
9.2e-05,38,1.52
9.24e-05,38,1.52
9.279999999999999e-05,38,1.52
9.32e-05,39,1.56
9.36e-05,41,1.64
9.4e-05,42,1.68
9.439999999999999e-05,42,1.68
9.48e-05,42,1.68
9.52e-05,44,1.76
9.559999999999999e-05,44,1.76
9.6e-05,45,1.8
9.64e-05,46,1.84
9.68e-05,47,1.88
9.719999999999999e-05,48,1.92
9.76e-05,48,1.92
9.8e-05,48,1.92
9.839999999999999e-05,50,2.0
9.879999999999999e-05,51,2.04
9.92e-05,51,2.04
9.96e-05,51,2.04
9.999999999999999e-05,53,2.12
0.0001004,53,2.12
0.0001008,53,2.12
0.0001012,54,2.16
0.00010159999999999999,55,2.2
0.000102,55,2.2
0.0001024,56,2.24
0.00010279999999999999,56,2.24
0.0001032,57,2.28
0.0001036,58,2.32
0.000104,58,2.32
0.00010439999999999999,58,2.32
0.0001048,59,2.36
0.0001052,59,2.36
0.00010559999999999999,60,2.4
0.000106,59,2.36
0.0001064,61,2.44
0.0001068,61,2.44
0.00010719999999999999,62,2.48
0.0001076,62,2.48
0.000108,63,2.52
0.00010839999999999999,63,2.52
0.00010879999999999999,62,2.48
0.0001092,63,2.52
0.0001096,64,2.56
0.00010999999999999999,64,2.56
0.0001104,64,2.56
0.0001108,64,2.56
0.00011119999999999999,66,2.64
0.00011159999999999999,66,2.64
0.000112,66,2.64
0.0001124,66,2.64
0.00011279999999999999,67,2.68
0.0001132,67,2.68
0.0001136,67,2.68
0.00011399999999999999,67,2.68
0.00011439999999999999,68,2.72
0.0001148,68,2.72
0.0001152,68,2.72
0.00011559999999999999,68,2.72
0.000116,69,2.76
0.0001164,69,2.76
0.00011679999999999999,70,2.8
0.00011719999999999999,69,2.76
0.0001176,70,2.8
0.000118,70,2.8
0.00011839999999999999,70,2.8
0.0001188,70,2.8
0.0001192,71,2.84
0.0001196,71,2.84
0.00011999999999999999,71,2.84
0.0001204,71,2.84
0.0001208,72,2.88
0.00012119999999999999,72,2.88
0.0001216,72,2.88
0.000122,72,2.88
0.0001224,73,2.92
0.0001228,72,2.88
0.00012319999999999999,73,2.92
0.0001236,73,2.92
0.000124,74,2.96
0.0001244,74,2.96
0.0001248,74,2.96
0.0001252,74,2.96
0.0001256,74,2.96
0.000126,74,2.96
0.00012639999999999998,74,2.96
0.0001268,74,2.96
0.0001272,75,3.0
0.00012759999999999998,75,3.0
0.000128,75,3.0
0.0001284,75,3.0
0.0001288,75,3.0
0.0001292,75,3.0
0.0001296,75,3.0
0.00013,75,3.0
0.0001304,76,3.04
0.00013079999999999998,75,3.0
0.0001312,76,3.04
0.0001316,76,3.04
0.00013199999999999998,76,3.04
0.0001324,76,3.04
0.0001328,76,3.04
0.00013319999999999999,76,3.04
0.0001336,77,3.08
0.000134,76,3.04
0.0001344,77,3.08
0.0001348,77,3.08
0.0001352,78,3.12
0.0001356,77,3.08
0.000136,77,3.08
0.00013639999999999998,77,3.08
0.0001368,78,3.12
0.0001372,77,3.08
0.00013759999999999998,78,3.12
0.000138,78,3.12
0.0001384,78,3.12
0.00013879999999999999,78,3.12
0.0001392,78,3.12
0.0001396,78,3.12
0.00014,78,3.12
0.0001404,78,3.12
0.0001408,78,3.12
0.0001412,78,3.12
0.0001416,79,3.16
0.00014199999999999998,78,3.12
0.0001424,79,3.16
0.0001428,78,3.12
0.00014319999999999998,79,3.16
0.0001436,79,3.16
0.000144,79,3.16
0.00014439999999999999,79,3.16
0.0001448,79,3.16
0.0001452,79,3.16
0.0001456,79,3.16
0.000146,79,3.16
0.00014639999999999998,79,3.16
0.0001468,79,3.16
0.0001472,79,3.16
0.00014759999999999998,79,3.16
0.000148,80,3.2
0.0001484,80,3.2
0.00014879999999999998,79,3.16
0.0001492,79,3.16
0.0001496,80,3.2
0.00015,79,3.16
0.0001504,79,3.16
0.0001508,79,3.16
0.0001512,80,3.2
0.0001516,80,3.2
0.00015199999999999998,80,3.2
0.0001524,79,3.16
0.0001528,80,3.2
0.00015319999999999998,80,3.2
0.0001536,80,3.2
0.000154,80,3.2
0.00015439999999999999,80,3.2
0.0001548,80,3.2
0.0001552,80,3.2
0.0001556,80,3.2
0.000156,80,3.2
0.00015639999999999998,80,3.2
0.0001568,80,3.2
0.0001572,80,3.2
0.00015759999999999998,80,3.2
0.000158,80,3.2
0.0001584,80,3.2
0.00015879999999999998,80,3.2
0.0001592,80,3.2
0.0001596,80,3.2
0.00015999999999999999,80,3.2
0.0001604,80,3.2
0.0001608,81,3.24
0.0001612,80,3.2
0.0001616,81,3.24
0.00016199999999999998,80,3.2
0.0001624,81,3.24
0.0001628,81,3.24
0.00016319999999999998,80,3.2
0.0001636,80,3.2
0.000164,81,3.24
0.00016439999999999998,81,3.24
0.0001648,80,3.2
0.0001652,80,3.2
0.0001656,81,3.24
0.000166,81,3.24
0.00016639999999999998,82,3.28
0.0001668,80,3.2
0.0001672,81,3.24
0.00016759999999999998,81,3.24
0.000168,81,3.24
0.0001684,81,3.24
0.00016879999999999998,81,3.24
0.0001692,81,3.24
0.0001696,81,3.24
0.00016999999999999999,80,3.2
0.0001704,81,3.24
0.0001708,81,3.24
0.0001712,81,3.24
0.0001716,80,3.2
0.00017199999999999998,81,3.24
0.0001724,81,3.24
0.0001728,81,3.24
0.00017319999999999998,81,3.24
0.0001736,81,3.24
0.000174,80,3.2
0.00017439999999999998,81,3.24
0.0001748,81,3.24
0.0001752,82,3.28
0.00017559999999999999,81,3.24
0.000176,81,3.24
0.0001764,81,3.24
0.0001768,82,3.28
0.0001772,81,3.24
0.00017759999999999998,82,3.28
0.000178,81,3.24
0.0001784,82,3.28
0.00017879999999999998,81,3.24
0.0001792,82,3.28
0.0001796,76,3.04
0.00017999999999999998,81,3.24
0.0001804,76,3.04
0.0001808,75,3.0
0.00018119999999999999,70,2.8
0.0001816,75,3.0
0.00018199999999999998,70,2.8
0.0001824,69,2.76
0.0001828,65,2.6
0.00018319999999999998,68,2.72
0.0001836,64,2.56
0.000184,64,2.56
0.00018439999999999998,59,2.36
0.0001848,63,2.52
0.0001852,59,2.36
0.00018559999999999998,59,2.36
0.000186,55,2.2
0.0001864,58,2.32
0.0001868,54,2.16
0.0001872,54,2.16
0.00018759999999999998,51,2.04
0.000188,53,2.12
0.0001884,50,2.0
0.00018879999999999998,50,2.0
0.0001892,47,1.88
0.0001896,49,1.96
0.00018999999999999998,46,1.84
0.0001904,46,1.84
0.0001908,43,1.72
0.00019119999999999999,46,1.84
0.0001916,43,1.72
0.000192,42,1.68
0.0001924,39,1.56
0.0001928,42,1.68
0.00019319999999999998,40,1.6
0.0001936,39,1.56
0.000194,36,1.44
0.00019439999999999998,39,1.56
0.0001948,36,1.44
0.0001952,35,1.4
0.00019559999999999998,33,1.32
0.000196,35,1.4
0.0001964,33,1.32
0.00019679999999999999,33,1.32
0.0001972,31,1.24
0.00019759999999999998,32,1.28
0.000198,31,1.24
0.0001984,30,1.2
0.00019879999999999998,28,1.12
0.0001992,30,1.2
0.0001996,28,1.12
0.00019999999999999998,28,1.12
0.0002004,26,1.04
0.0002008,28,1.12
0.00020119999999999998,26,1.04
0.0002016,26,1.04
0.000202,24,0.96
0.0002024,26,1.04
0.0002028,24,0.96
0.00020319999999999998,24,0.96
0.0002036,22,0.88
0.000204,24,0.96
0.00020439999999999998,22,0.88
0.0002048,22,0.88
0.0002052,21,0.84
0.00020559999999999998,22,0.88
0.000206,20,0.8
0.0002064,20,0.8
0.00020679999999999999,19,0.76
0.0002072,20,0.8
0.00020759999999999998,19,0.76
0.000208,19,0.76
0.0002084,18,0.72
0.00020879999999999998,19,0.76
0.0002092,18,0.72
0.0002096,17,0.68
0.00020999999999999998,16,0.64
0.0002104,17,0.68
0.0002108,16,0.64
0.00021119999999999998,15,0.6
0.0002116,15,0.6
0.000212,16,0.64
0.00021239999999999999,15,0.6
0.0002128,15,0.6
0.00021319999999999998,14,0.56
0.0002136,15,0.6
0.000214,14,0.56
0.00021439999999999998,13,0.52
0.0002148,12,0.48
0.0002152,14,0.56
0.00021559999999999998,13,0.52
0.000216,13,0.52
0.0002164,12,0.48
0.00021679999999999998,13,0.52
0.0002172,12,0.48
0.00021759999999999998,12,0.48
0.00021799999999999999,11,0.44
0.0002184,12,0.48
0.00021879999999999998,11,0.44
0.0002192,11,0.44
0.0002196,10,0.4
0.00021999999999999998,11,0.44
0.0002204,10,0.4
0.0002208,10,0.4
0.00022119999999999998,10,0.4
0.0002216,10,0.4
0.000222,9,0.36
0.00022239999999999998,9,0.36
0.0002228,8,0.32
0.00022319999999999998,9,0.36
0.0002236,8,0.32
0.000224,8,0.32
0.00022439999999999998,8,0.32
0.0002248,9,0.36
0.0002252,8,0.32
0.00022559999999999998,8,0.32
0.000226,7,0.28
0.0002264,8,0.32
0.00022679999999999998,7,0.28
0.0002272,7,0.28
0.0002276,6,0.24
0.00022799999999999999,7,0.28
0.0002284,7,0.28
0.00022879999999999998,6,0.24
0.0002292,6,0.24
0.0002296,7,0.28
0.00022999999999999998,6,0.24
0.0002304,6,0.24
0.0002308,6,0.24
0.00023119999999999998,6,0.24
0.0002316,6,0.24
0.000232,5,0.2
0.00023239999999999998,5,0.2
0.0002328,6,0.24
0.00023319999999999998,5,0.2
0.00023359999999999999,5,0.2
0.000234,5,0.2
0.00023439999999999998,5,0.2
0.0002348,4,0.16
0.0002352,5,0.2
0.00023559999999999998,4,0.16
0.000236,5,0.2
0.0002364,5,0.2
0.00023679999999999998,5,0.2
0.0002372,4,0.16
0.0002376,4,0.16
0.00023799999999999998,4,0.16
0.0002384,4,0.16
0.00023879999999999998,4,0.16
0.0002392,4,0.16
0.0002396,4,0.16
0.00023999999999999998,4,0.16
0.0002404,3,0.12
0.0002408,4,0.16
0.00024119999999999998,4,0.16
0.0002416,4,0.16
0.000242,3,0.12
0.00024239999999999998,4,0.16
0.0002428,4,0.16
0.0002432,4,0.16
0.00024359999999999999,3,0.12
0.000244,3,0.12
0.0002444,3,0.12
0.0002448,3,0.12
0.0002452,3,0.12
0.0002456,3,0.12
0.00024599999999999996,3,0.12
0.00024639999999999997,3,0.12
0.0002468,3,0.12
0.0002472,3,0.12
0.0002476,3,0.12
0.000248,3,0.12
0.00024839999999999997,3,0.12
0.0002488,3,0.12
0.0002492,3,0.12
0.0002496,3,0.12
0.00025,2,0.08
0.0002504,3,0.12
0.00025079999999999997,2,0.08
0.0002512,2,0.08
0.0002516,2,0.08
0.000252,3,0.12
0.0002524,2,0.08
0.00025279999999999996,2,0.08
0.0002532,2,0.08
0.0002536,3,0.12
0.000254,2,0.08
0.0002544,2,0.08
0.0002548,2,0.08
0.00025519999999999997,2,0.08
0.0002556,2,0.08
0.000256,2,0.08
0.0002564,2,0.08
0.0002568,2,0.08
0.00025719999999999996,2,0.08
0.0002576,2,0.08
0.000258,2,0.08
0.0002584,2,0.08
0.0002588,2,0.08
0.0002592,2,0.08
0.00025959999999999997,2,0.08
0.00026,2,0.08
0.0002604,2,0.08
0.0002608,2,0.08
0.0002612,1,0.04
0.00026159999999999996,2,0.08
0.00026199999999999997,2,0.08
0.0002624,2,0.08
0.0002628,1,0.04
0.0002632,2,0.08
0.0002636,1,0.04
0.00026399999999999997,2,0.08
0.0002644,1,0.04
0.0002648,2,0.08
0.0002652,1,0.04
0.0002656,2,0.08
0.000266,1,0.04
0.00026639999999999997,2,0.08
0.0002668,2,0.08
0.0002672,2,0.08
0.0002676,1,0.04
0.000268,2,0.08
0.00026839999999999996,1,0.04
0.0002688,1,0.04
0.0002692,1,0.04
0.0002696,2,0.08
0.00027,1,0.04
0.0002704,2,0.08
0.00027079999999999997,1,0.04
0.0002712,2,0.08
0.0002716,2,0.08
0.000272,1,0.04
0.0002724,1,0.04
0.00027279999999999996,2,0.08
0.00027319999999999997,1,0.04
0.0002736,1,0.04
0.000274,1,0.04
0.0002744,2,0.08
0.0002748,1,0.04
0.00027519999999999997,1,0.04
0.0002756,0,0.0
0.000276,2,0.08
0.0002764,1,0.04
0.0002768,1,0.04
0.00027719999999999996,1,0.04
0.00027759999999999997,3,0.12
0.000278,3,0.12
0.0002784,4,0.16
0.0002788,5,0.2
0.0002792,10,0.4
0.00027959999999999997,11,0.44
0.00028,11,0.44
0.0002804,11,0.44
0.0002808,16,0.64
0.0002812,15,0.6
0.0002816,16,0.64
0.00028199999999999997,17,0.68
0.0002824,21,0.84
0.0002828,21,0.84
0.0002832,22,0.88
0.0002836,22,0.88
0.00028399999999999996,25,1.0
0.0002844,26,1.04
0.0002848,27,1.08
0.0002852,27,1.08
0.0002856,30,1.2
0.000286,30,1.2
0.00028639999999999997,30,1.2
0.0002868,31,1.24
0.0002872,34,1.36
0.0002876,35,1.4
0.000288,34,1.36
0.00028839999999999996,35,1.4
0.00028879999999999997,38,1.52
0.0002892,38,1.52
0.0002896,39,1.56
0.00029,39,1.56
0.0002904,42,1.68
0.00029079999999999997,42,1.68
0.0002912,42,1.68
0.0002916,42,1.68
0.000292,45,1.8
0.0002924,45,1.8
0.00029279999999999996,46,1.84
0.00029319999999999997,46,1.84
0.0002936,47,1.88
0.000294,48,1.92
0.0002944,48,1.92
0.0002948,48,1.92
0.00029519999999999997,50,2.0
0.0002956,51,2.04
0.000296,51,2.04
0.0002964,51,2.04
0.0002968,53,2.12
0.00029719999999999996,53,2.12
0.00029759999999999997,54,2.16
0.000298,54,2.16
0.0002984,55,2.2
0.0002988,56,2.24
0.0002992,55,2.2
0.00029959999999999996,56,2.24
0.0003,58,2.32
0.0003004,58,2.32
0.0003008,58,2.32
0.0003012,58,2.32
0.0003016,59,2.36
0.00030199999999999997,60,2.4
0.0003024,59,2.36
0.0003028,60,2.4
0.0003032,61,2.44
0.0003036,61,2.44
0.00030399999999999996,62,2.48
0.00030439999999999997,62,2.48
0.0003048,62,2.48
0.0003052,63,2.52
0.0003056,63,2.52
0.000306,63,2.52
0.00030639999999999997,64,2.56
0.0003068,64,2.56
0.0003072,64,2.56
0.0003076,64,2.56
0.000308,66,2.64
0.00030839999999999996,66,2.64
0.00030879999999999997,66,2.64
0.0003092,66,2.64
0.0003096,67,2.68
0.00031,67,2.68
0.0003104,67,2.68
0.00031079999999999997,67,2.68
0.0003112,68,2.72
0.0003116,68,2.72
0.000312,68,2.72
0.0003124,68,2.72
0.00031279999999999996,69,2.76
0.00031319999999999997,69,2.76
0.0003136,69,2.76
0.000314,69,2.76
0.0003144,70,2.8
0.0003148,70,2.8
0.00031519999999999996,70,2.8
0.0003156,70,2.8
0.000316,71,2.84
0.0003164,72,2.88
0.0003168,71,2.84
0.0003172,71,2.84
0.00031759999999999997,72,2.88
0.000318,72,2.88
0.0003184,72,2.88
0.0003188,71,2.84
0.0003192,73,2.92
0.00031959999999999996,73,2.92
0.00031999999999999997,73,2.92
0.0003204,73,2.92
0.0003208,74,2.96
0.0003212,74,2.96
0.0003216,74,2.96
0.00032199999999999997,74,2.96
0.0003224,75,3.0
0.0003228,74,2.96
0.0003232,74,2.96
0.0003236,74,2.96
0.00032399999999999996,75,3.0
0.00032439999999999997,75,3.0
0.0003248,75,3.0
0.0003252,75,3.0
0.0003256,76,3.04
0.000326,75,3.0
0.00032639999999999996,76,3.04
0.0003268,75,3.0
0.0003272,76,3.04
0.0003276,76,3.04
0.000328,76,3.04
0.00032839999999999996,76,3.04
0.00032879999999999997,76,3.04
0.0003292,76,3.04
0.0003296,77,3.08
0.00033,76,3.04
0.0003304,77,3.08
0.00033079999999999996,77,3.08
0.0003312,77,3.08
0.0003316,77,3.08
0.000332,78,3.12
0.0003324,77,3.08
0.00033279999999999996,77,3.08
0.00033319999999999997,77,3.08
0.0003336,78,3.12
0.000334,78,3.12
0.0003344,78,3.12
0.0003348,78,3.12
0.00033519999999999996,78,3.12
0.00033559999999999997,78,3.12
0.000336,78,3.12
0.0003364,78,3.12
0.0003368,78,3.12
0.0003372,78,3.12
0.00033759999999999997,79,3.16
0.000338,78,3.12
0.0003384,79,3.16
0.0003388,78,3.12
0.0003392,78,3.12
0.00033959999999999996,78,3.12
0.00033999999999999997,79,3.16
0.0003404,79,3.16
0.0003408,78,3.12
0.0003412,78,3.12
0.0003416,79,3.16
0.00034199999999999996,79,3.16
0.0003424,79,3.16
0.0003428,79,3.16
0.0003432,79,3.16
0.0003436,79,3.16
0.00034399999999999996,79,3.16
0.00034439999999999997,79,3.16
0.0003448,80,3.2
0.0003452,80,3.2
0.0003456,79,3.16
0.000346,79,3.16
0.00034639999999999996,80,3.2
0.00034679999999999997,79,3.16
0.0003472,80,3.2
0.0003476,79,3.16
0.000348,80,3.2
0.00034839999999999996,80,3.2
0.00034879999999999997,79,3.16
0.0003492,79,3.16
0.0003496,80,3.2
0.00035,80,3.2
0.0003504,80,3.2
0.00035079999999999996,80,3.2
0.00035119999999999997,80,3.2
0.0003516,80,3.2
0.000352,80,3.2
0.0003524,80,3.2
0.0003528,80,3.2
0.00035319999999999997,80,3.2
0.0003536,80,3.2
0.000354,80,3.2
0.0003544,80,3.2
0.0003548,80,3.2
0.00035519999999999996,80,3.2
0.00035559999999999997,80,3.2
0.000356,80,3.2
0.0003564,80,3.2
0.0003568,80,3.2
0.0003572,80,3.2
0.00035759999999999996,80,3.2
0.000358,80,3.2
0.0003584,80,3.2
0.0003588,80,3.2
0.0003592,81,3.24
0.00035959999999999996,81,3.24
0.00035999999999999997,80,3.2
0.0003604,80,3.2
0.0003608,81,3.24
0.0003612,80,3.2
0.0003616,81,3.24
0.00036199999999999996,80,3.2
0.00036239999999999997,81,3.24
0.0003628,81,3.24
0.0003632,81,3.24
0.0003636,80,3.2
0.00036399999999999996,81,3.24
0.00036439999999999997,81,3.24
0.0003648,80,3.2
0.0003652,80,3.2
0.0003656,81,3.24
0.000366,81,3.24
0.00036639999999999996,81,3.24
0.00036679999999999997,81,3.24
0.0003672,81,3.24
0.0003676,81,3.24
0.000368,81,3.24
0.0003684,80,3.2
0.00036879999999999997,81,3.24
0.0003692,81,3.24
0.0003696,81,3.24
0.00037,81,3.24
0.0003704,82,3.28
0.00037079999999999996,81,3.24
0.00037119999999999997,81,3.24
0.0003716,81,3.24
0.000372,81,3.24
0.0003724,81,3.24
0.0003728,81,3.24
0.00037319999999999996,81,3.24
0.0003736,82,3.28
0.000374,81,3.24
0.0003744,81,3.24
0.0003748,81,3.24
0.00037519999999999996,82,3.28
0.00037559999999999997,82,3.28
0.000376,81,3.24
0.0003764,76,3.04
0.0003768,80,3.2
0.0003772,75,3.0
0.00037759999999999996,75,3.0
0.00037799999999999997,70,2.8
0.0003784,74,2.96
0.0003788,69,2.76
0.0003792,68,2.72
0.00037959999999999996,64,2.56
0.00037999999999999997,68,2.72
0.0003804,63,2.52
0.0003808,63,2.52
0.0003812,58,2.32
0.0003816,62,2.48
0.00038199999999999996,58,2.32
0.00038239999999999997,58,2.32
0.0003828,54,2.16
0.0003832,58,2.32
0.0003836,54,2.16
0.000384,53,2.12
0.00038439999999999997,50,2.0
0.0003848,52,2.08
0.0003852,50,2.0
0.0003856,49,1.96
0.000386,46,1.84
0.00038639999999999996,49,1.96
0.00038679999999999997,46,1.84
0.0003872,45,1.8
0.0003876,43,1.72
0.000388,45,1.8
0.0003884,42,1.68
0.00038879999999999996,42,1.68
0.0003892,38,1.52
0.0003896,42,1.68
0.00039,38,1.52
0.0003904,39,1.56
0.00039079999999999996,35,1.4
0.00039119999999999997,38,1.52
0.0003916,35,1.4
0.000392,35,1.4
0.0003924,33,1.32
0.0003928,35,1.4
0.00039319999999999996,33,1.32
0.00039359999999999997,33,1.32
0.000394,31,1.24
0.0003944,32,1.28
0.0003948,30,1.2
0.00039519999999999996,30,1.2
0.00039559999999999997,28,1.12
0.000396,30,1.2
0.0003964,28,1.12
0.0003968,28,1.12
0.0003972,26,1.04
0.00039759999999999996,27,1.08
0.00039799999999999997,26,1.04
0.0003984,25,1.0
0.0003988,24,0.96
0.0003992,25,1.0
0.00039959999999999996,24,0.96
0.00039999999999999996,23,0.92
0.0004004,22,0.88
0.0004008,23,0.92
0.0004012,22,0.88
0.0004016,22,0.88
0.00040199999999999996,20,0.8
0.00040239999999999997,22,0.88
0.0004028,20,0.8
0.0004032,20,0.8
0.0004036,19,0.76
0.000404,20,0.8
0.00040439999999999996,18,0.72
0.0004048,18,0.72
0.0004052,18,0.72
0.0004056,18,0.72
0.000406,17,0.68
0.00040639999999999996,17,0.68
0.00040679999999999997,16,0.64
0.0004072,17,0.68
0.0004076,16,0.64
0.000408,16,0.64
0.0004084,15,0.6
0.00040879999999999996,16,0.64
0.00040919999999999997,15,0.6
0.0004096,15,0.6
0.00041,14,0.56
0.0004104,14,0.56
0.00041079999999999996,13,0.52
0.00041119999999999997,13,0.52
0.0004116,13,0.52
0.000412,14,0.56
0.0004124,12,0.48
0.0004128,12,0.48
0.00041319999999999996,12,0.48
0.00041359999999999997,13,0.52
0.000414,11,0.44
0.0004144,11,0.44
0.0004148,11,0.44
0.00041519999999999995,12,0.48
0.00041559999999999996,11,0.44
0.000416,11,0.44
0.0004164,10,0.4
0.0004168,11,0.44
0.0004172,10,0.4
0.00041759999999999996,10,0.4
0.00041799999999999997,9,0.36
0.0004184,10,0.4
0.0004188,10,0.4
0.0004192,9,0.36
0.0004196,8,0.32
0.00041999999999999996,10,0.4
0.0004204,8,0.32
0.0004208,9,0.36
0.0004212,8,0.32
0.0004216,8,0.32
0.00042199999999999996,8,0.32
0.00042239999999999997,8,0.32
0.0004228,7,0.28
0.0004232,8,0.32
0.0004236,7,0.28
0.000424,7,0.28
0.00042439999999999996,6,0.24
0.00042479999999999997,7,0.28
0.0004252,7,0.28
0.0004256,6,0.24
0.000426,6,0.24
0.00042639999999999996,7,0.28
0.00042679999999999997,6,0.24
0.0004272,6,0.24
0.0004276,5,0.2
0.000428,6,0.24
0.0004284,6,0.24
0.00042879999999999996,6,0.24
0.00042919999999999997,5,0.2
0.0004296,6,0.24
0.00043,5,0.2
0.0004304,6,0.24
0.00043079999999999995,5,0.2
0.00043119999999999996,6,0.24
0.0004316,5,0.2
0.000432,5,0.2
0.0004324,4,0.16
0.0004328,5,0.2
0.00043319999999999996,5,0.2
0.00043359999999999997,5,0.2
0.000434,4,0.16
0.0004344,5,0.2
0.0004348,4,0.16
0.00043519999999999995,4,0.16
0.00043559999999999996,4,0.16
0.00043599999999999997,4,0.16
0.0004364,4,0.16
0.0004368,4,0.16
0.0004372,3,0.12
0.00043759999999999996,4,0.16
0.00043799999999999997,4,0.16
0.0004384,4,0.16
0.0004388,3,0.12
0.0004392,4,0.16
0.0004396,3,0.12
0.00043999999999999996,3,0.12
0.00044039999999999997,3,0.12
0.0004408,3,0.12
0.0004412,3,0.12
0.0004416,4,0.16
0.00044199999999999996,3,0.12
0.00044239999999999997,3,0.12
0.0004428,3,0.12
0.0004432,3,0.12
0.0004436,2,0.08
0.000444,3,0.12
0.00044439999999999996,3,0.12
0.00044479999999999997,3,0.12
0.0004452,2,0.08
0.0004456,3,0.12
0.000446,2,0.08
0.00044639999999999995,3,0.12
0.00044679999999999996,2,0.08
0.0004472,3,0.12
0.0004476,2,0.08
0.000448,2,0.08
0.0004484,2,0.08
0.00044879999999999996,3,0.12
0.00044919999999999997,2,0.08
0.0004496,2,0.08
0.00045,2,0.08
0.0004504,3,0.12
0.00045079999999999995,2,0.08
0.00045119999999999996,2,0.08
0.00045159999999999997,2,0.08
0.000452,2,0.08
0.0004524,2,0.08
0.0004528,2,0.08
0.00045319999999999996,2,0.08
0.00045359999999999997,2,0.08
0.000454,2,0.08
0.0004544,2,0.08
0.0004548,2,0.08
0.0004552,2,0.08
0.00045559999999999996,2,0.08
0.00045599999999999997,2,0.08
0.0004564,2,0.08
0.0004568,2,0.08
0.0004572,2,0.08
0.00045759999999999996,1,0.04
0.00045799999999999997,2,0.08
0.0004584,2,0.08
0.0004588,1,0.04
0.0004592,2,0.08
0.0004596,1,0.04
0.00045999999999999996,2,0.08
0.00046039999999999997,1,0.04
0.0004608,2,0.08
0.0004612,1,0.04
0.0004616,2,0.08
0.00046199999999999995,2,0.08
0.00046239999999999996,2,0.08
0.0004628,1,0.04
0.0004632,2,0.08
0.0004636,1,0.04
0.000464,2,0.08
0.00046439999999999996,1,0.04
0.00046479999999999997,2,0.08
0.0004652,2,0.08
0.0004656,1,0.04
0.000466,1,0.04
0.00046639999999999995,2,0.08
0.00046679999999999996,2,0.08
0.00046719999999999997,1,0.04
0.0004676,1,0.04
0.000468,2,0.08
0.0004684,1,0.04
0.00046879999999999996,1,0.04
0.00046919999999999997,1,0.04
0.0004696,2,0.08
0.00047,1,0.04
0.0004704,1,0.04
0.0004708,1,0.04
0.00047119999999999996,1,0.04
0.00047159999999999997,1,0.04
0.000472,1,0.04
0.0004724,1,0.04
0.0004728,2,0.08
0.00047319999999999996,1,0.04
0.00047359999999999997,1,0.04
0.000474,1,0.04
0.0004744,4,0.16
0.0004748,4,0.16
0.0004752,5,0.2
0.00047559999999999996,6,0.24
0.00047599999999999997,11,0.44
0.0004764,11,0.44
0.0004768,11,0.44
0.0004772,12,0.48
0.00047759999999999995,16,0.64
0.00047799999999999996,16,0.64
0.0004784,17,0.68
0.0004788,18,0.72
0.0004792,21,0.84
0.0004796,22,0.88
0.00047999999999999996,22,0.88
0.00048039999999999997,23,0.92
0.0004808,26,1.04
0.0004812,26,1.04
0.0004816,27,1.08
0.00048199999999999995,27,1.08
0.00048239999999999996,31,1.24
0.00048279999999999997,31,1.24
0.0004832,32,1.28
0.0004836,32,1.28
0.000484,35,1.4
0.00048439999999999996,35,1.4
0.00048479999999999997,35,1.4
0.0004852,36,1.44
0.0004856,38,1.52
0.000486,39,1.56
0.0004864,39,1.56
0.00048679999999999996,39,1.56
0.00048719999999999997,42,1.68
0.0004876,42,1.68
0.000488,43,1.72
0.0004883999999999999,43,1.72
0.0004888,45,1.8
0.0004892,45,1.8
0.0004896,45,1.8
0.00049,46,1.84
0.0004904,48,1.92
0.0004908,48,1.92
0.0004912,48,1.92
0.0004916,49,1.96
0.0004919999999999999,51,2.04
0.0004923999999999999,51,2.04
0.0004927999999999999,51,2.04
0.0004932,51,2.04
0.0004936,53,2.12
0.000494,54,2.16
0.0004944,54,2.16
0.0004948,54,2.16
0.0004952,56,2.24
0.0004956,56,2.24
0.000496,56,2.24
0.0004964,56,2.24
0.0004967999999999999,58,2.32
0.0004971999999999999,58,2.32
0.0004976,59,2.36
0.000498,58,2.32
0.0004984,60,2.4
0.0004988,60,2.4
0.0004992,60,2.4
0.0004996,60,2.4
0.0005,61,2.44
0.0005004,62,2.48
0.0005008,62,2.48
0.0005011999999999999,62,2.48
0.0005015999999999999,63,2.52
0.000502,63,2.52
0.0005024,63,2.52
0.0005028,63,2.52
0.0005032,64,2.56
0.0005036,64,2.56
0.000504,65,2.6
0.0005044,65,2.6
0.0005048,66,2.64
0.0005052,66,2.64
0.0005055999999999999,66,2.64
0.0005059999999999999,66,2.64
0.0005064,67,2.68
0.0005068,67,2.68
0.0005072,67,2.68
0.0005076,67,2.68
0.000508,68,2.72
0.0005084,68,2.72
0.0005088,68,2.72
0.0005092,68,2.72
0.0005096,69,2.76
0.0005099999999999999,70,2.8
0.0005103999999999999,70,2.8
0.0005108,69,2.76
0.0005112,70,2.8
0.0005116,70,2.8
0.000512,70,2.8
0.0005124,70,2.8
0.0005128,71,2.84
0.0005132,71,2.84
0.0005136,71,2.84
0.000514,71,2.84
0.0005143999999999999,73,2.92
0.0005147999999999999,73,2.92
0.0005152,72,2.88
0.0005156,72,2.88
0.000516,73,2.92
0.0005164,73,2.92
0.0005168,73,2.92
0.0005172,73,2.92
0.0005176,74,2.96
0.000518,74,2.96
0.0005184,74,2.96
0.0005187999999999999,74,2.96
0.0005191999999999999,75,3.0
0.0005195999999999999,74,2.96
0.00052,75,3.0
0.0005204,74,2.96
0.0005208,75,3.0
0.0005212,75,3.0
0.0005216,75,3.0
0.000522,75,3.0
0.0005224,76,3.04
0.0005228,75,3.0
0.0005231999999999999,75,3.0
0.0005235999999999999,75,3.0
0.0005239999999999999,76,3.04
0.0005244,76,3.04
0.0005248,76,3.04
0.0005252,76,3.04
0.0005256,77,3.08
0.000526,77,3.08
0.0005264,77,3.08
0.0005268,76,3.04
0.0005272,77,3.08
0.0005275999999999999,77,3.08
0.0005279999999999999,77,3.08
0.0005283999999999999,77,3.08
0.0005288,78,3.12
0.0005292,77,3.08
0.0005296,78,3.12
0.00053,77,3.08
0.0005304,78,3.12
0.0005308,78,3.12
0.0005312,77,3.08
0.0005316,78,3.12
0.000532,78,3.12
0.0005323999999999999,78,3.12
0.0005327999999999999,78,3.12
0.0005332,78,3.12
0.0005336,78,3.12
0.000534,78,3.12
0.0005344,78,3.12
0.0005348,78,3.12
0.0005352,79,3.16
0.0005356,79,3.16
0.000536,79,3.16
0.0005364,78,3.12
0.0005367999999999999,79,3.16
0.0005371999999999999,78,3.12
0.0005376,79,3.16
0.000538,79,3.16
0.0005384,79,3.16
0.0005388,79,3.16
0.0005392,79,3.16
0.0005396,79,3.16
0.00054,79,3.16
0.0005404,79,3.16
0.0005408,79,3.16
0.0005411999999999999,79,3.16
0.0005415999999999999,79,3.16
0.000542,79,3.16
0.0005424,79,3.16
0.0005428,79,3.16
0.0005432,80,3.2
0.0005436,80,3.2
0.000544,79,3.16
0.0005444,79,3.16
0.0005448,80,3.2
0.0005452,80,3.2
0.0005455999999999999,80,3.2
0.0005459999999999999,79,3.16
0.0005463999999999999,80,3.2
0.0005468,80,3.2
0.0005472,80,3.2
0.0005476,80,3.2
0.000548,80,3.2
0.0005484,80,3.2
0.0005488,80,3.2
0.0005492,79,3.16
0.0005496,80,3.2
0.0005499999999999999,80,3.2
0.0005503999999999999,80,3.2
0.0005507999999999999,80,3.2
0.0005512,80,3.2
0.0005516,80,3.2
0.000552,80,3.2
0.0005524,80,3.2
0.0005528,81,3.24
0.0005532,80,3.2
0.0005536,80,3.2
0.000554,80,3.2
0.0005543999999999999,81,3.24
0.0005547999999999999,80,3.2
0.0005551999999999999,80,3.2
0.0005556,80,3.2
0.000556,81,3.24
0.0005564,80,3.2
0.0005568,81,3.24
0.0005572,80,3.2
0.0005576,81,3.24
0.000558,81,3.24
0.0005584,81,3.24
0.0005587999999999999,80,3.2
0.0005591999999999999,81,3.24
0.0005595999999999999,81,3.24
0.00056,80,3.2
0.0005604,80,3.2
0.0005608,81,3.24
0.0005612,81,3.24
0.0005616,81,3.24
0.000562,80,3.2
0.0005624,81,3.24
0.0005628,80,3.2
0.0005632,81,3.24
0.0005635999999999999,80,3.2
0.0005639999999999999,81,3.24
0.0005644,81,3.24
0.0005648,81,3.24
0.0005652,80,3.2
0.0005656,82,3.28
0.000566,81,3.24
0.0005664,81,3.24
0.0005668,81,3.24
0.0005672,82,3.28
0.0005676,81,3.24
0.0005679999999999999,81,3.24
0.0005683999999999999,81,3.24
0.0005688,82,3.28
0.0005692,81,3.24
0.0005696,81,3.24
0.00057,81,3.24
0.0005704,82,3.28
0.0005708,81,3.24
0.0005712,81,3.24
0.0005716,81,3.24
0.000572,82,3.28
0.0005723999999999999,80,3.2
0.0005727999999999999,80,3.2
0.0005732,75,3.0
0.0005736,79,3.16
0.000574,74,2.96
0.0005744,74,2.96
0.0005748,69,2.76
0.0005752,73,2.92
0.0005756,68,2.72
0.000576,68,2.72
0.0005764,63,2.52
0.0005767999999999999,67,2.68
0.0005771999999999999,63,2.52
0.0005775999999999999,62,2.48
0.000578,58,2.32
0.0005784,62,2.48
0.0005788,58,2.32
0.0005792,57,2.28
0.0005796,54,2.16
0.00058,57,2.28
0.0005804,53,2.12
0.0005808,53,2.12
0.0005811999999999999,49,1.96
0.0005815999999999999,52,2.08
0.0005819999999999999,49,1.96
0.0005824,49,1.96
0.0005828,46,1.84
0.0005832,48,1.92
0.0005836,45,1.8
0.000584,45,1.8
0.0005844,42,1.68
0.0005848,44,1.76
0.0005852,41,1.64
0.0005855999999999999,42,1.68
0.0005859999999999999,39,1.56
0.0005863999999999999,41,1.64
0.0005868,38,1.52
0.0005872,38,1.52
0.0005876,35,1.4
0.000588,37,1.48
0.0005884,35,1.4
0.0005888,35,1.4
0.0005892,33,1.32
0.0005896,35,1.4
0.0005899999999999999,32,1.28
0.0005903999999999999,32,1.28
0.0005907999999999999,30,1.2
0.0005912,32,1.28
0.0005916,30,1.2
0.000592,29,1.16
0.0005924,28,1.12
0.0005928,30,1.2
0.0005932,27,1.08
0.0005936,27,1.08
0.000594,25,1.0
0.0005943999999999999,27,1.08
0.0005947999999999999,25,1.0
0.0005951999999999999,25,1.0
0.0005956,24,0.96
0.000596,25,1.0
0.0005964,23,0.92
0.0005968,23,0.92
0.0005972,22,0.88
0.0005976,23,0.92
0.000598,22,0.88
0.0005984,22,0.88
0.0005988,20,0.8
0.0005991999999999999,22,0.88
0.0005995999999999999,20,0.8
0.0006,20,0.8
0.0006004,18,0.72
0.0006008,19,0.76
0.0006012,18,0.72
0.0006016,18,0.72
0.000602,17,0.68
0.0006024,18,0.72
0.0006028,17,0.68
0.0006032,17,0.68
0.0006035999999999999,16,0.64
0.0006039999999999999,17,0.68
0.0006044,16,0.64
0.0006048,15,0.6
0.0006052,15,0.6
0.0006056,15,0.6
0.000606,15,0.6
0.0006064,15,0.6
0.0006068,14,0.56
0.0006072,15,0.6
0.0006076,14,0.56
0.0006079999999999999,13,0.52
0.0006083999999999999,13,0.52
0.0006087999999999999,14,0.56
0.0006092,12,0.48
0.0006096,12,0.48
0.00061,11,0.44
0.0006104,13,0.52
0.0006108,12,0.48
0.0006112,12,0.48
0.0006116,11,0.44
0.000612,11,0.44
0.0006123999999999999,11,0.44
0.0006127999999999999,11,0.44
0.0006131999999999999,10,0.4
0.0006136,11,0.44
0.000614,10,0.4
0.0006144,10,0.4
0.0006148,9,0.36
0.0006152,10,0.4
0.0006156,9,0.36
0.000616,9,0.36
0.0006164,8,0.32
0.0006167999999999999,9,0.36
0.0006171999999999999,8,0.32
0.0006175999999999999,8,0.32
0.000618,7,0.28
0.0006184,9,0.36
0.0006188,8,0.32
0.0006192,7,0.28
0.0006196,7,0.28
0.00062,8,0.32
0.0006204,7,0.28
0.0006208,6,0.24
0.0006211999999999999,6,0.24
0.0006215999999999999,7,0.28
0.0006219999999999999,6,0.24
0.0006224,6,0.24
0.0006228,6,0.24
0.0006232,7,0.28
0.0006236,6,0.24
0.000624,6,0.24
0.0006244,6,0.24
0.0006248,6,0.24
0.0006252,6,0.24
0.0006255999999999999,6,0.24
0.0006259999999999999,5,0.2
0.0006263999999999999,6,0.24
0.0006268,5,0.2
0.0006272,5,0.2
0.0006276,5,0.2
0.000628,5,0.2
0.0006284,5,0.2
0.0006288,4,0.16
0.0006292,4,0.16
0.0006296,5,0.2
0.0006299999999999999,5,0.2
0.0006303999999999999,4,0.16
0.0006307999999999999,4,0.16
0.0006312,5,0.2
0.0006316,4,0.16
0.000632,4,0.16
0.0006324,4,0.16
0.0006328,4,0.16
0.0006332,4,0.16
0.0006336,4,0.16
0.000634,3,0.12
0.0006344,4,0.16
0.0006347999999999999,4,0.16
0.0006351999999999999,3,0.12
0.0006355999999999999,3,0.12
0.000636,4,0.16
0.0006364,4,0.16
0.0006368,4,0.16
0.0006372,3,0.12
0.0006376,4,0.16
0.000638,3,0.12
0.0006384,3,0.12
0.0006388,3,0.12
0.0006391999999999999,3,0.12
0.0006395999999999999,3,0.12
0.0006399999999999999,3,0.12
0.0006404,3,0.12
0.0006408,3,0.12
0.0006412,3,0.12
0.0006416,3,0.12
0.000642,2,0.08
0.0006424,3,0.12
0.0006428,3,0.12
0.0006432,2,0.08
0.0006435999999999999,2,0.08
0.0006439999999999999,3,0.12
0.0006443999999999999,2,0.08
0.0006448,3,0.12
0.0006452,2,0.08
0.0006456,3,0.12
0.000646,2,0.08
0.0006464,2,0.08
0.0006468,2,0.08
0.0006472,2,0.08
0.0006476,2,0.08
0.0006479999999999999,2,0.08
0.0006483999999999999,2,0.08
0.0006487999999999999,2,0.08
0.0006492,2,0.08
0.0006496,2,0.08
0.00065,2,0.08
0.0006504,2,0.08
0.0006508,2,0.08
0.0006512,2,0.08
0.0006516,2,0.08
0.000652,2,0.08
0.0006523999999999999,2,0.08
0.0006527999999999999,2,0.08
0.0006531999999999999,2,0.08
0.0006536,2,0.08
0.000654,1,0.04
0.0006544,2,0.08
0.0006548,1,0.04
0.0006552,2,0.08
0.0006556,2,0.08
0.000656,2,0.08
0.0006564,2,0.08
0.0006567999999999999,2,0.08
0.0006571999999999999,2,0.08
0.0006575999999999999,2,0.08
0.000658,1,0.04
0.0006584,2,0.08
0.0006588,2,0.08
0.0006592,2,0.08
0.0006596,1,0.04
0.00066,2,0.08
0.0006604,1,0.04
0.0006608,2,0.08
0.0006611999999999999,1,0.04
0.0006615999999999999,2,0.08
0.0006619999999999999,1,0.04
0.0006624,2,0.08
0.0006628,1,0.04
0.0006632,2,0.08
0.0006636,0,0.0
0.000664,1,0.04
0.0006644,1,0.04
0.0006648,2,0.08
0.0006652,1,0.04
0.0006655999999999999,2,0.08
0.0006659999999999999,1,0.04
0.0006663999999999999,2,0.08
0.0006667999999999999,2,0.08
0.0006672,1,0.04
0.0006676,1,0.04
0.000668,1,0.04
0.0006684,1,0.04
0.0006688,0,0.0
0.0006692,1,0.04
0.0006696,1,0.04
0.00067,1,0.04
0.0006703999999999999,1,0.04
0.0006707999999999999,1,0.04
0.0006711999999999999,5,0.2
0.0006716,5,0.2
0.000672,5,0.2
0.0006724,6,0.24
0.0006728,11,0.44
0.0006732,11,0.44
0.0006736,12,0.48
0.000674,13,0.52
0.0006744,16,0.64
0.0006747999999999999,18,0.72
0.0006751999999999999,18,0.72
0.0006755999999999999,19,0.76
0.000676,21,0.84
0.0006764,22,0.88
0.0006768,22,0.88
0.0006772,23,0.92
0.0006776,27,1.08
0.000678,27,1.08
0.0006784,28,1.12
0.0006788,28,1.12
0.0006791999999999999,31,1.24
0.0006795999999999999,31,1.24
0.0006799999999999999,31,1.24
0.0006804,32,1.28
0.0006808,35,1.4
0.0006812,35,1.4
0.0006816,36,1.44
0.000682,36,1.44
0.0006824,39,1.56
0.0006828,39,1.56
0.0006832,39,1.56
0.0006835999999999999,40,1.6
0.0006839999999999999,42,1.68
0.0006843999999999999,43,1.72
0.0006848,43,1.72
0.0006852,43,1.72
0.0006856,46,1.84
0.000686,46,1.84
0.0006864,46,1.84
0.0006868,46,1.84
0.0006872,48,1.92
0.0006876,48,1.92
0.0006879999999999999,49,1.96
0.0006883999999999999,49,1.96
0.0006887999999999999,51,2.04
0.0006892,51,2.04
0.0006896,51,2.04
0.00069,52,2.08
0.0006904,54,2.16
0.0006908,53,2.12
0.0006912,54,2.16
0.0006916,54,2.16
0.000692,56,2.24
0.0006923999999999999,56,2.24
0.0006927999999999999,56,2.24
0.0006931999999999999,56,2.24
0.0006935999999999999,58,2.32
0.000694,58,2.32
0.0006944,58,2.32
0.0006948,59,2.36
0.0006952,60,2.4
0.0006956,60,2.4
0.000696,60,2.4
0.0006964,60,2.4
0.0006967999999999999,62,2.48
0.0006971999999999999,62,2.48
0.0006975999999999999,62,2.48
0.0006979999999999999,62,2.48
0.0006984,63,2.52
0.0006988,63,2.52
0.0006992,63,2.52
0.0006996,63,2.52
0.0007,64,2.56
0.0007004,65,2.6
0.0007008,65,2.6
0.0007012,65,2.6
0.0007015999999999999,66,2.64
0.0007019999999999999,66,2.64
0.0007023999999999999,66,2.64
0.0007028,66,2.64
0.0007032,67,2.68
0.0007036,67,2.68
0.000704,67,2.68
0.0007044,67,2.68
0.0007048,68,2.72
0.0007052,69,2.76
0.0007056,68,2.72
0.0007059999999999999,68,2.72
0.0007063999999999999,69,2.76
0.0007067999999999999,70,2.8
0.0007072,70,2.8
0.0007076,69,2.76
0.000708,70,2.8
0.0007084,70,2.8
0.0007088,70,2.8
0.0007092,70,2.8
0.0007096,71,2.84
0.00071,71,2.84
0.0007103999999999999,71,2.84
0.0007107999999999999,71,2.84
0.0007111999999999999,72,2.88
0.0007116,72,2.88
0.000712,73,2.92
0.0007124,72,2.88
0.0007128,73,2.92
0.0007132,73,2.92
0.0007136,73,2.92
0.000714,73,2.92
0.0007144,74,2.96
0.0007147999999999999,74,2.96
0.0007151999999999999,74,2.96
0.0007155999999999999,74,2.96
0.000716,74,2.96
0.0007164,74,2.96
0.0007168,75,3.0
0.0007172,74,2.96
0.0007176,75,3.0
0.000718,75,3.0
0.0007184,75,3.0
0.0007188,75,3.0
0.0007191999999999999,75,3.0
0.0007195999999999999,76,3.04
0.0007199999999999999,76,3.04
0.0007204,76,3.04
0.0007208,76,3.04
0.0007212,76,3.04
0.0007216,76,3.04
0.000722,76,3.04
0.0007224,76,3.04
0.0007228,77,3.08
0.0007232,77,3.08
0.0007235999999999999,76,3.04
0.0007239999999999999,77,3.08
0.0007243999999999999,77,3.08
0.0007247999999999999,77,3.08
0.0007252,77,3.08
0.0007256,78,3.12
0.000726,77,3.08
0.0007264,77,3.08
0.0007268,77,3.08
0.0007272,78,3.12
0.0007276,78,3.12
0.0007279999999999999,78,3.12
0.0007283999999999999,78,3.12
0.0007287999999999999,78,3.12
0.0007291999999999999,78,3.12
0.0007296,78,3.12
0.00073,78,3.12
0.0007304,78,3.12
0.0007308,78,3.12
0.0007312,78,3.12
0.0007316,78,3.12
0.000732,79,3.16
0.0007323999999999999,78,3.12
0.0007327999999999999,78,3.12
0.0007331999999999999,78,3.12
0.0007335999999999999,79,3.16
0.000734,79,3.16
0.0007344,78,3.12
0.0007348,79,3.16
0.0007352,79,3.16
0.0007356,79,3.16
0.000736,79,3.16
0.0007364,79,3.16
0.0007368,79,3.16
0.0007371999999999999,79,3.16
0.0007375999999999999,79,3.16
0.0007379999999999999,79,3.16
0.0007384,79,3.16
0.0007388,79,3.16
0.0007392,80,3.2
0.0007396,79,3.16
0.00074,80,3.2
0.0007404,80,3.2
0.0007408,80,3.2
0.0007412,79,3.16
0.0007415999999999999,80,3.2
0.0007419999999999999,80,3.2
0.0007423999999999999,80,3.2
0.0007428,79,3.16
0.0007432,80,3.2
0.0007436,80,3.2
0.000744,80,3.2
0.0007444,80,3.2
0.0007448,80,3.2
0.0007452,80,3.2
0.0007456,80,3.2
0.0007459999999999999,80,3.2
0.0007463999999999999,80,3.2
0.0007467999999999999,80,3.2
0.0007472,80,3.2
0.0007476,80,3.2
0.000748,80,3.2
0.0007484,80,3.2
0.0007488,80,3.2
0.0007492,80,3.2
0.0007496,81,3.24
0.00075,80,3.2
0.0007503999999999999,80,3.2
0.0007507999999999999,80,3.2
0.0007511999999999999,81,3.24
0.0007516,81,3.24
0.000752,81,3.24
0.0007524,80,3.2
0.0007528,81,3.24
0.0007532,80,3.2
0.0007536,80,3.2
0.000754,80,3.2
0.0007544,81,3.24
0.0007547999999999999,81,3.24
0.0007551999999999999,81,3.24
0.0007555999999999999,80,3.2
0.0007559999999999999,81,3.24
0.0007564,81,3.24
0.0007568,81,3.24
0.0007572,80,3.2
0.0007576,81,3.24
0.000758,81,3.24
0.0007584,80,3.2
0.0007588,80,3.2
0.0007591999999999999,81,3.24
0.0007595999999999999,81,3.24
0.0007599999999999999,81,3.24
0.0007603999999999999,80,3.2
0.0007608,81,3.24
0.0007612,80,3.2
0.0007616,81,3.24
0.000762,81,3.24
0.0007624,82,3.28
0.0007628,81,3.24
0.0007632,81,3.24
0.0007635999999999999,81,3.24
0.0007639999999999999,81,3.24
0.0007643999999999999,81,3.24
0.0007647999999999999,81,3.24
0.0007652,81,3.24
0.0007656,82,3.28
0.000766,81,3.24
0.0007664,81,3.24
0.0007668,81,3.24
0.0007672,82,3.28
0.0007676,81,3.24
0.000768,81,3.24
0.0007683999999999999,81,3.24
0.0007687999999999999,82,3.28
0.0007691999999999999,80,3.2
0.0007696,79,3.16
0.00077,75,3.0
0.0007704,79,3.16
0.0007708,74,2.96
0.0007712,73,2.92
0.0007716,68,2.72
0.000772,72,2.88
0.0007724,67,2.68
0.0007727999999999999,67,2.68
0.0007731999999999999,63,2.52
0.0007735999999999999,66,2.64
0.000774,62,2.48
0.0007744,62,2.48
0.0007748,58,2.32
0.0007752,61,2.44
0.0007756,57,2.28
0.000776,57,2.28
0.0007764,53,2.12
0.0007768,57,2.28
0.0007771999999999999,52,2.08
0.0007775999999999999,53,2.12
0.0007779999999999999,48,1.92
0.0007784,51,2.04
0.0007788,48,1.92
0.0007792,48,1.92
0.0007796,45,1.8
0.00078,48,1.92
0.0007804,45,1.8
0.0007808,44,1.76
0.0007812,42,1.68
0.0007815999999999999,44,1.76
0.0007819999999999999,42,1.68
0.0007823999999999999,41,1.64
0.0007827999999999999,38,1.52
0.0007832,41,1.64
0.0007836,38,1.52
0.000784,38,1.52
0.0007844,35,1.4
0.0007848,37,1.48
0.0007852,35,1.4
0.0007856,34,1.36
0.0007859999999999999,32,1.28
0.0007863999999999999,34,1.36
0.0007867999999999999,32,1.28
0.0007871999999999999,32,1.28
0.0007876,30,1.2
0.000788,31,1.24
0.0007884,30,1.2
0.0007888,29,1.16
0.0007892,27,1.08
0.0007896,29,1.16
0.00079,28,1.12
0.0007903999999999999,27,1.08
0.0007907999999999999,25,1.0
0.0007911999999999999,27,1.08
0.0007915999999999999,26,1.04
0.000792,25,1.0
0.0007924,23,0.92
0.0007928,25,1.0
0.0007932,23,0.92
0.0007936,23,0.92
0.000794,22,0.88
0.0007944,23,0.92
0.0007947999999999999,22,0.88
0.0007951999999999999,21,0.84
0.0007955999999999999,20,0.8
0.0007959999999999999,21,0.84
0.0007964,20,0.8
0.0007968,20,0.8
0.0007972,18,0.72
0.0007976,19,0.76
0.000798,18,0.72
0.0007984,18,0.72
0.0007988,17,0.68
0.0007991999999999999,18,0.72
0.0007995999999999999,17,0.68
0.0007999999999999999,16,0.64
0.0008003999999999999,16,0.64
0.0008008,17,0.68
0.0008012,16,0.64
0.0008016,15,0.6
0.000802,14,0.56
0.0008024,15,0.6
0.0008028,14,0.56
0.0008032,14,0.56
0.0008036,13,0.52
0.0008039999999999999,14,0.56
0.0008043999999999999,14,0.56
0.0008047999999999999,13,0.52
0.0008052,12,0.48
0.0008056,13,0.52
0.000806,12,0.48
0.0008064,13,0.52
0.0008068,11,0.44
0.0008072,12,0.48
0.0008076,12,0.48
0.000808,11,0.44
0.0008083999999999999,11,0.44
0.0008087999999999999,11,0.44
0.0008091999999999999,10,0.4
0.0008096,10,0.4
0.00081,10,0.4
0.0008104,11,0.44
0.0008108,10,0.4
0.0008112,10,0.4
0.0008116,9,0.36
0.000812,10,0.4
0.0008124,10,0.4
0.0008127999999999999,9,0.36
0.0008131999999999999,8,0.32
0.0008135999999999999,9,0.36
0.0008139999999999999,8,0.32
0.0008144,7,0.28
0.0008148,8,0.32
0.0008152,9,0.36
0.0008156,8,0.32
0.000816,8,0.32
0.0008164,7,0.28
0.0008168,8,0.32
0.0008171999999999999,7,0.28
0.0008175999999999999,7,0.28
0.0008179999999999999,6,0.24
0.0008183999999999999,7,0.28
0.0008188,6,0.24
0.0008192,6,0.24
0.0008196,6,0.24
0.00082,6,0.24
0.0008204,6,0.24
0.0008208,6,0.24
0.0008212,5,0.2
0.0008215999999999999,6,0.24
0.0008219999999999999,6,0.24
0.0008223999999999999,6,0.24
0.0008227999999999999,5,0.2
0.0008232,6,0.24
0.0008236,5,0.2
0.000824,5,0.2
0.0008244,5,0.2
0.0008248,6,0.24
0.0008252,5,0.2
0.0008256,5,0.2
0.0008259999999999999,4,0.16
0.0008263999999999999,5,0.2
0.0008267999999999999,4,0.16
0.0008271999999999999,4,0.16
0.0008276,4,0.16
0.000828,4,0.16
0.0008284,4,0.16
0.0008288,4,0.16
0.0008292,4,0.16
0.0008296,4,0.16
0.00083,4,0.16
0.0008303999999999999,4,0.16
0.0008307999999999999,3,0.12
0.0008311999999999999,4,0.16
0.0008315999999999999,4,0.16
0.000832,3,0.12
0.0008324,3,0.12
0.0008328,3,0.12
0.0008332,4,0.16
0.0008336,3,0.12
0.000834,3,0.12
0.0008344,4,0.16
0.0008347999999999999,3,0.12
0.0008351999999999999,3,0.12
0.0008355999999999999,3,0.12
0.0008359999999999999,3,0.12
0.0008364,3,0.12
0.0008368,3,0.12
0.0008372,3,0.12
0.0008376,3,0.12
0.000838,3,0.12
0.0008384,3,0.12
0.0008388,2,0.08
0.0008392,3,0.12
0.0008395999999999999,2,0.08
0.0008399999999999999,3,0.12
0.0008403999999999999,2,0.08
0.0008408,3,0.12
0.0008412,2,0.08
0.0008416,3,0.12
0.000842,2,0.08
0.0008424,3,0.12
0.0008428,2,0.08
0.0008432,2,0.08
0.0008436,2,0.08
0.0008439999999999999,3,0.12
0.0008443999999999999,2,0.08
0.0008447999999999999,2,0.08
0.0008451999999999999,2,0.08
0.0008456,2,0.08
0.000846,2,0.08
0.0008464,2,0.08
0.0008468,2,0.08
0.0008472,2,0.08
0.0008476,2,0.08
0.000848,2,0.08
0.0008483999999999999,2,0.08
0.0008487999999999999,2,0.08
0.0008491999999999999,2,0.08
0.0008495999999999999,1,0.04
0.00085,2,0.08
0.0008504,2,0.08
0.0008508,2,0.08
0.0008512,2,0.08
0.0008516,1,0.04
0.000852,2,0.08
0.0008524,2,0.08
0.0008527999999999999,2,0.08
0.0008531999999999999,1,0.04
0.0008535999999999999,2,0.08
0.0008539999999999999,2,0.08
0.0008544,1,0.04
0.0008548,1,0.04
0.0008552,2,0.08
0.0008556,2,0.08
0.000856,2,0.08
0.0008564,1,0.04
0.0008568,2,0.08
0.0008571999999999999,2,0.08
0.0008575999999999999,1,0.04
0.0008579999999999999,1,0.04
0.0008583999999999999,2,0.08
0.0008588,2,0.08
0.0008592,1,0.04
0.0008596,1,0.04
0.00086,2,0.08
0.0008604,2,0.08
0.0008608,1,0.04
0.0008612,1,0.04
0.0008615999999999999,2,0.08
0.0008619999999999999,1,0.04
0.0008623999999999999,1,0.04
0.0008627999999999999,1,0.04
0.0008632,2,0.08
0.0008636,1,0.04
0.000864,1,0.04
0.0008644,1,0.04
0.0008648,2,0.08
0.0008652,1,0.04
0.0008656,1,0.04
0.0008659999999999999,1,0.04
0.0008663999999999999,1,0.04
0.0008667999999999999,1,0.04
0.0008671999999999999,2,0.08
0.0008676,1,0.04
0.000868,5,0.2
0.0008684,6,0.24
0.0008688,6,0.24
0.0008692,8,0.32
0.0008696,12,0.48
0.00087,12,0.48
0.0008703999999999999,13,0.52
0.0008707999999999999,14,0.56
0.0008711999999999999,18,0.72
0.0008715999999999999,18,0.72
0.0008719999999999999,19,0.76
0.0008724,19,0.76
0.0008728,22,0.88
0.0008732,22,0.88
0.0008736,24,0.96
0.000874,24,0.96
0.0008744,27,1.08
0.0008748,27,1.08
0.0008751999999999999,28,1.12
0.0008755999999999999,28,1.12
0.0008759999999999999,31,1.24
0.0008763999999999999,32,1.28
0.0008768,32,1.28
0.0008772,33,1.32
0.0008776,35,1.4
0.000878,36,1.44
0.0008784,36,1.44
0.0008788,36,1.44
0.0008792,39,1.56
0.0008795999999999999,40,1.6
0.0008799999999999999,40,1.6
0.0008803999999999999,40,1.6
0.0008807999999999999,43,1.72
0.0008812,43,1.72
0.0008816,44,1.76
0.000882,44,1.76
0.0008824,46,1.84
0.0008828,46,1.84
0.0008832,47,1.88
0.0008836,47,1.88
0.0008839999999999999,48,1.92
0.0008843999999999999,49,1.96
0.0008847999999999999,49,1.96
0.0008851999999999999,49,1.96
0.0008856,51,2.04
0.000886,51,2.04
0.0008864,52,2.08
0.0008868,52,2.08
0.0008872,54,2.16
0.0008876,54,2.16
0.000888,54,2.16
0.0008883999999999999,54,2.16
0.0008887999999999999,56,2.24
0.0008891999999999999,56,2.24
0.0008895999999999999,57,2.28
0.00089,57,2.28
0.0008904,58,2.32
0.0008908,58,2.32
0.0008912,58,2.32
0.0008916,59,2.36
0.000892,60,2.4
0.0008924,60,2.4
0.0008927999999999999,60,2.4
0.0008931999999999999,60,2.4
0.0008935999999999999,62,2.48
0.0008939999999999999,62,2.48
0.0008944,63,2.52
0.0008948,62,2.48
0.0008952,63,2.52
0.0008956,63,2.52
0.000896,63,2.52
0.0008964,63,2.52
0.0008968,65,2.6
0.0008971999999999999,64,2.56
0.0008975999999999999,65,2.6
0.0008979999999999999,65,2.6
0.0008983999999999999,66,2.64
0.0008988,66,2.64
0.0008992,67,2.68
0.0008996,66,2.64
0.0009,67,2.68
0.0009004,67,2.68
0.0009008,67,2.68
0.0009012,67,2.68
0.0009015999999999999,69,2.76
0.0009019999999999999,69,2.76
0.0009023999999999999,68,2.72
0.0009027999999999999,69,2.76
0.0009031999999999999,70,2.8
0.0009036,70,2.8
0.000904,70,2.8
0.0009044,70,2.8
0.0009048,71,2.84
0.0009052,71,2.84
0.0009056,70,2.8
0.000906,70,2.8
0.0009063999999999999,71,2.84
0.0009067999999999999,71,2.84
0.0009071999999999999,71,2.84
0.0009075999999999999,71,2.84
0.000908,73,2.92
0.0009084,73,2.92
0.0009088,72,2.88
0.0009092,72,2.88
0.0009096,73,2.92
0.00091,74,2.96
0.0009104,73,2.92
0.0009107999999999999,73,2.92
0.0009111999999999999,74,2.96
0.0009115999999999999,74,2.96
0.0009119999999999999,74,2.96
0.0009124,74,2.96
0.0009128,75,3.0
0.0009132,75,3.0
0.0009136,75,3.0
0.000914,74,2.96
0.0009144,75,3.0
0.0009148,75,3.0
0.0009151999999999999,75,3.0
0.0009155999999999999,75,3.0
0.0009159999999999999,76,3.04
0.0009163999999999999,76,3.04
0.0009168,76,3.04
0.0009172,75,3.0
0.0009176,76,3.04
0.000918,76,3.04
0.0009184,76,3.04
0.0009188,76,3.04
0.0009192,77,3.08
0.0009195999999999999,77,3.08
0.0009199999999999999,77,3.08
0.0009203999999999999,77,3.08
0.0009207999999999999,77,3.08
0.0009212,77,3.08
0.0009216,77,3.08
0.000922,77,3.08
0.0009224,78,3.12
0.0009228,77,3.08
0.0009232,78,3.12
0.0009236,77,3.08
0.0009239999999999999,78,3.12
0.0009243999999999999,78,3.12
0.0009247999999999999,78,3.12
0.0009251999999999999,78,3.12
0.0009256,78,3.12
0.000926,78,3.12
0.0009264,78,3.12
0.0009268,78,3.12
0.0009272,78,3.12
0.0009276,78,3.12
0.000928,78,3.12
0.0009283999999999999,78,3.12
0.0009287999999999999,79,3.16
0.0009291999999999999,79,3.16
0.0009295999999999999,78,3.12
0.0009299999999999999,78,3.12
0.0009304,79,3.16
0.0009308,79,3.16
0.0009312,79,3.16
0.0009316,79,3.16
0.000932,79,3.16
0.0009324,79,3.16
0.0009327999999999999,79,3.16
0.0009331999999999999,79,3.16
0.0009335999999999999,80,3.2
0.0009339999999999999,79,3.16
0.0009343999999999999,79,3.16
0.0009348,79,3.16
0.0009352,79,3.16
0.0009356,79,3.16
0.000936,80,3.2
0.0009364,79,3.16
0.0009368,80,3.2
0.0009371999999999999,80,3.2
0.0009375999999999999,80,3.2
0.0009379999999999999,80,3.2
0.0009383999999999999,80,3.2
0.0009387999999999999,80,3.2
0.0009392,80,3.2
0.0009396,79,3.16
0.00094,80,3.2
0.0009404,80,3.2
0.0009408,80,3.2
0.0009412,80,3.2
0.0009416,80,3.2
0.0009419999999999999,80,3.2
0.0009423999999999999,80,3.2
0.0009427999999999999,80,3.2
0.0009431999999999999,80,3.2
0.0009436,80,3.2
0.000944,80,3.2
0.0009444,80,3.2
0.0009448,80,3.2
0.0009452,80,3.2
0.0009456,80,3.2
0.000946,80,3.2
0.0009463999999999999,81,3.24
0.0009467999999999999,80,3.2
0.0009471999999999999,80,3.2
0.0009475999999999999,80,3.2
0.000948,81,3.24
0.0009484,80,3.2
0.0009488,81,3.24
0.0009492,80,3.2
0.0009496,81,3.24
0.00095,81,3.24
0.0009504,80,3.2
0.0009507999999999999,80,3.2
0.0009511999999999999,81,3.24
0.0009515999999999999,80,3.2
0.0009519999999999999,80,3.2
0.0009524,80,3.2
0.0009528,81,3.24
0.0009532,81,3.24
0.0009536,80,3.2
0.000954,80,3.2
0.0009544,81,3.24
0.0009548,81,3.24
0.0009551999999999999,81,3.24
0.0009555999999999999,80,3.2
0.0009559999999999999,81,3.24
0.0009563999999999999,80,3.2
0.0009568,81,3.24
0.0009572,80,3.2
0.0009576,81,3.24
0.000958,81,3.24
0.0009584,81,3.24
0.0009588,81,3.24
0.0009592,82,3.28
0.0009595999999999999,81,3.24
0.0009599999999999999,81,3.24
0.0009603999999999999,80,3.2
0.0009607999999999999,82,3.28
0.0009611999999999999,81,3.24
0.0009616,81,3.24
0.000962,81,3.24
0.0009624,82,3.28
0.0009628,82,3.28
0.0009632,82,3.28
0.0009636,81,3.24
0.0009639999999999999,82,3.28
0.0009643999999999999,81,3.24
0.0009647999999999999,81,3.24
0.0009651999999999999,79,3.16
0.0009655999999999999,82,3.28
0.000966,79,3.16
0.0009664,78,3.12
0.0009668,73,2.92
0.0009672,78,3.12
0.0009676,72,2.88
0.000968,71,2.84
0.0009683999999999999,67,2.68
0.0009687999999999999,71,2.84
0.0009691999999999999,66,2.64
0.0009695999999999999,66,2.64
0.0009699999999999999,61,2.44
0.0009704,66,2.64
0.0009708,61,2.44
0.0009712,60,2.4
0.0009716,57,2.28
0.000972,60,2.4
0.0009724,56,2.24
0.0009728,56,2.24
0.0009731999999999999,52,2.08
0.0009735999999999999,56,2.24
0.0009739999999999999,52,2.08
0.0009743999999999999,51,2.04
0.0009748,48,1.92
0.0009752,51,2.04
0.0009756,47,1.88
0.000976,47,1.88
0.0009764,44,1.76
0.0009767999999999999,47,1.88
0.0009772,44,1.76
0.0009776,44,1.76
0.000978,41,1.64
0.0009784,43,1.72
0.0009788,41,1.64
0.0009792,40,1.6
0.0009796,38,1.52
0.00098,39,1.56
0.0009804,37,1.48
0.0009808,36,1.44
0.0009812,35,1.4
0.0009816,37,1.48
0.000982,34,1.36
0.0009824,34,1.36
0.0009828,32,1.28
0.0009832,34,1.36
0.0009836,31,1.24
0.0009839999999999998,31,1.24
0.0009843999999999999,30,1.2
0.0009847999999999999,31,1.24
0.0009851999999999999,29,1.16
0.0009855999999999999,29,1.16
0.000986,27,1.08
0.0009864,29,1.16
0.0009868,27,1.08
0.0009872,26,1.04
0.0009876,25,1.0
0.000988,26,1.04
0.0009884,25,1.0
0.0009888,25,1.0
0.0009892,23,0.92
0.0009896,25,1.0
0.00099,23,0.92
0.0009904,23,0.92
0.0009908,21,0.84
0.0009912,23,0.92
0.0009916,21,0.84
0.000992,21,0.84
0.0009924,19,0.76
0.0009928,21,0.84
0.0009931999999999999,19,0.76
0.0009935999999999999,19,0.76
0.0009939999999999999,18,0.72
0.0009943999999999999,20,0.8
0.0009948,18,0.72
0.0009952,18,0.72
0.0009956,16,0.64
0.000996,18,0.72
0.0009964,16,0.64
0.0009968,17,0.68
0.0009972,15,0.6
0.0009976,16,0.64
0.000998,15,0.6
0.0009984,15,0.6
0.0009988,14,0.56
0.0009992,15,0.6
0.0009996,15,0.6
0.001,14,0.56
0.0010004,13,0.52
0.0010008,14,0.56
0.0010012,13,0.52
0.0010016,14,0.56
0.0010019999999999999,12,0.48
0.0010023999999999999,13,0.52
0.0010027999999999999,12,0.48
0.0010031999999999999,12,0.48
0.0010035999999999999,11,0.44
0.001004,12,0.48
0.0010044,12,0.48
0.0010048,11,0.44
0.0010052,11,0.44
0.0010056,11,0.44
0.001006,11,0.44
0.0010064,11,0.44
0.0010068,9,0.36
0.0010072,11,0.44
0.0010076,10,0.4
0.001008,9,0.36
0.0010084,8,0.32
0.0010088,10,0.4
0.0010092,9,0.36
0.0010096,8,0.32
0.00101,8,0.32
0.0010104,9,0.36
0.0010107999999999998,8,0.32
0.0010111999999999999,8,0.32
0.0010115999999999999,8,0.32
0.0010119999999999999,8,0.32
0.0010123999999999999,7,0.28
0.0010128,8,0.32
0.0010132,7,0.28
0.0010136,7,0.28
0.001014,7,0.28
0.0010144,6,0.24
0.0010148,6,0.24
0.0010152,7,0.28
0.0010156,6,0.24
0.001016,6,0.24
0.0010164,6,0.24
0.0010168,6,0.24
0.0010172,6,0.24
0.0010176,6,0.24
0.001018,5,0.2
0.0010184,6,0.24
0.0010188,6,0.24
0.0010192,5,0.2
0.0010195999999999998,5,0.2
0.0010199999999999999,6,0.24
0.0010203999999999999,5,0.2
0.0010207999999999999,5,0.2
0.0010211999999999999,4,0.16
0.0010216,5,0.2
0.001022,5,0.2
0.0010224,4,0.16
0.0010228,4,0.16
0.0010232,5,0.2
0.0010236,4,0.16
0.001024,4,0.16
0.0010244,3,0.12
0.0010248,4,0.16
0.0010252,4,0.16
0.0010256,4,0.16
0.001026,4,0.16
0.0010264,4,0.16
0.0010268,3,0.12
0.0010272,4,0.16
0.0010276,3,0.12
0.001028,4,0.16
0.0010284,3,0.12
0.0010287999999999999,3,0.12
0.0010291999999999999,3,0.12
0.0010295999999999999,4,0.16
0.0010299999999999999,3,0.12
0.0010304,3,0.12
0.0010308,3,0.12
0.0010312,3,0.12
0.0010316,3,0.12
0.001032,3,0.12
0.0010324,3,0.12
0.0010328,3,0.12
0.0010332,3,0.12
0.0010336,3,0.12
0.001034,2,0.08
0.0010344,3,0.12
0.0010348,3,0.12
0.0010352,3,0.12
0.0010356,2,0.08
0.001036,3,0.12
0.0010364,3,0.12
0.0010368,2,0.08
0.0010372,2,0.08
0.0010375999999999999,3,0.12
0.0010379999999999999,2,0.08
0.0010383999999999999,2,0.08
0.0010387999999999999,2,0.08
0.0010391999999999999,3,0.12
0.0010396,2,0.08
0.00104,2,0.08
0.0010404,2,0.08
0.0010408,3,0.12
0.0010412,2,0.08
0.0010416,2,0.08
0.001042,2,0.08
0.0010424,3,0.12
0.0010428,2,0.08
0.0010432,2,0.08
0.0010436,2,0.08
0.001044,2,0.08
0.0010444,2,0.08
0.0010448,2,0.08
0.0010452,2,0.08
0.0010456,2,0.08
0.001046,2,0.08
0.0010463999999999998,2,0.08
0.0010467999999999999,1,0.04
0.0010471999999999999,2,0.08
0.0010475999999999999,2,0.08
0.0010479999999999999,2,0.08
0.0010484,2,0.08
0.0010488,2,0.08
0.0010492,2,0.08
0.0010496,2,0.08
0.00105,1,0.04
0.0010504,2,0.08
0.0010508,1,0.04
0.0010512,2,0.08
0.0010516,1,0.04
0.001052,2,0.08
0.0010524,1,0.04
0.0010528,1,0.04
0.0010532,1,0.04
0.0010536,2,0.08
0.001054,1,0.04
0.0010544,1,0.04
0.0010548,1,0.04
0.0010551999999999998,2,0.08
0.0010555999999999999,1,0.04
0.0010559999999999999,1,0.04
0.0010563999999999999,1,0.04
0.0010567999999999999,2,0.08
0.0010572,1,0.04
0.0010576,1,0.04
0.001058,1,0.04
0.0010584,1,0.04
0.0010588,1,0.04
0.0010592,1,0.04
0.0010596,1,0.04
0.00106,2,0.08
0.0010604,1,0.04
0.0010608,1,0.04
0.0010612,1,0.04
0.0010616,1,0.04
0.001062,1,0.04
0.0010624,1,0.04
0.0010628,1,0.04
0.0010632,2,0.08
0.0010636,2,0.08
0.001064,2,0.08
0.0010643999999999999,2,0.08
0.0010647999999999999,6,0.24
0.0010651999999999999,8,0.32
0.0010655999999999999,8,0.32
0.0010659999999999999,9,0.36
0.0010664,13,0.52
0.0010668,14,0.56
0.0010672,14,0.56
0.0010676,14,0.56
0.001068,18,0.72
0.0010684,19,0.76
0.0010688,19,0.76
0.0010692,20,0.8
0.0010696,24,0.96
0.00107,24,0.96
0.0010704,24,0.96
0.0010708,25,1.0
0.0010712,28,1.12
0.0010716,29,1.16
0.001072,29,1.16
0.0010724,30,1.2
0.0010728,32,1.28
0.0010731999999999998,33,1.32
0.0010735999999999999,34,1.36
0.0010739999999999999,34,1.36
0.0010743999999999999,36,1.44
0.0010747999999999999,37,1.48
0.0010752,37,1.48
0.0010756,37,1.48
0.001076,40,1.6
0.0010764,41,1.64
0.0010768,41,1.64
0.0010772,41,1.64
0.0010776,43,1.72
0.001078,44,1.76
0.0010784,44,1.76
0.0010788,44,1.76
0.0010792,46,1.84
0.0010796,46,1.84
0.00108,47,1.88
0.0010804,47,1.88
0.0010808,49,1.96
0.0010812,49,1.96
0.0010816,50,2.0
0.0010819999999999998,50,2.0
0.0010823999999999999,52,2.08
0.0010827999999999999,52,2.08
0.0010831999999999999,52,2.08
0.0010835999999999999,53,2.12
0.001084,54,2.16
0.0010844,55,2.2
0.0010848,55,2.2
0.0010852,55,2.2
0.0010856,57,2.28
0.001086,57,2.28
0.0010864,57,2.28
0.0010868,57,2.28
0.0010872,59,2.36
0.0010876,58,2.32
0.001088,59,2.36
0.0010884,59,2.36
0.0010888,61,2.44
0.0010892,60,2.4
0.0010896,60,2.4
0.00109,61,2.44
0.0010904,62,2.48
0.0010907999999999998,62,2.48
0.0010911999999999999,62,2.48
0.0010915999999999999,62,2.48
0.0010919999999999999,64,2.56
0.0010923999999999999,63,2.52
0.0010927999999999999,64,2.56
0.0010932,64,2.56
0.0010936,65,2.6
0.001094,65,2.6
0.0010944,66,2.64
0.0010948,65,2.6
0.0010952,66,2.64
0.0010956,66,2.64
0.001096,66,2.64
0.0010964,66,2.64
0.0010968,68,2.72
0.0010972,67,2.68
0.0010976,68,2.72
0.001098,68,2.72
0.0010984,69,2.76
0.0010988,69,2.76
0.0010992,69,2.76
0.0010996,69,2.76
0.0010999999999999998,70,2.8
0.0011003999999999999,70,2.8
0.0011007999999999999,70,2.8
0.0011011999999999999,70,2.8
0.0011015999999999999,70,2.8
0.001102,71,2.84
0.0011024,70,2.8
0.0011028,71,2.84
0.0011032,72,2.88
0.0011036,71,2.84
0.001104,71,2.84
0.0011044,72,2.88
0.0011048,73,2.92
0.0011052,73,2.92
0.0011056,73,2.92
0.001106,72,2.88
0.0011064,74,2.96
0.0011068,74,2.96
0.0011072,74,2.96
0.0011076,74,2.96
0.001108,74,2.96
0.0011084,74,2.96
0.0011087999999999998,74,2.96
0.0011091999999999999,74,2.96
0.0011095999999999999,75,3.0
0.0011099999999999999,74,2.96
0.0011103999999999999,74,2.96
0.0011108,75,3.0
0.0011112,75,3.0
0.0011116,75,3.0
0.001112,75,3.0
0.0011124,75,3.0
0.0011128,76,3.04
0.0011132,76,3.04
0.0011136,76,3.04
0.001114,76,3.04
0.0011144,76,3.04
0.0011148,76,3.04
0.0011152,77,3.08
0.0011156,76,3.04
0.001116,76,3.04
0.0011164,76,3.04
0.0011168,77,3.08
0.0011172,77,3.08
0.0011175999999999998,77,3.08
0.0011179999999999999,77,3.08
0.0011183999999999999,77,3.08
0.0011187999999999999,77,3.08
0.0011191999999999999,78,3.12
0.0011196,77,3.08
0.00112,78,3.12
0.0011204,78,3.12
0.0011208,78,3.12
0.0011212,78,3.12
0.0011216,78,3.12
0.001122,78,3.12
0.0011224,78,3.12
0.0011228,78,3.12
0.0011232,78,3.12
0.0011236,78,3.12
0.001124,78,3.12
0.0011244,78,3.12
0.0011248,78,3.12
0.0011252,78,3.12
0.0011256,79,3.16
0.001126,79,3.16
0.0011264,79,3.16
0.0011267999999999999,78,3.12
0.0011271999999999999,79,3.16
0.0011275999999999999,79,3.16
0.0011279999999999999,79,3.16
0.0011283999999999999,79,3.16
0.0011288,79,3.16
0.0011292,79,3.16
0.0011296,79,3.16
0.00113,79,3.16
0.0011304,80,3.2
0.0011308,79,3.16
0.0011312,79,3.16
0.0011316,79,3.16
0.001132,80,3.2
0.0011324,80,3.2
0.0011328,80,3.2
0.0011332,79,3.16
0.0011336,80,3.2
0.001134,79,3.16
0.0011344,79,3.16
0.0011348,79,3.16
0.0011352,80,3.2
0.0011355999999999998,80,3.2
0.0011359999999999999,80,3.2
0.0011363999999999999,79,3.16
0.0011367999999999999,80,3.2
0.0011371999999999999,80,3.2
0.0011376,80,3.2
0.001138,80,3.2
0.0011384,80,3.2
0.0011388,80,3.2
0.0011392,80,3.2
0.0011396,80,3.2
0.00114,80,3.2
0.0011404,80,3.2
0.0011408,80,3.2
0.0011412,80,3.2
0.0011416,81,3.24
0.001142,80,3.2
0.0011424,80,3.2
0.0011428,80,3.2
0.0011432,80,3.2
0.0011436,80,3.2
0.001144,81,3.24
0.0011443999999999998,80,3.2
0.0011447999999999999,81,3.24
0.0011451999999999999,80,3.2
0.0011455999999999999,81,3.24
0.0011459999999999999,80,3.2
0.0011464,81,3.24
0.0011468,80,3.2
0.0011472,80,3.2
0.0011476,80,3.2
0.001148,81,3.24
0.0011484,81,3.24
0.0011488,81,3.24
0.0011492,80,3.2
0.0011496,81,3.24
0.00115,81,3.24
0.0011504,81,3.24
0.0011508,80,3.2
0.0011512,81,3.24
0.0011516,81,3.24
0.001152,81,3.24
0.0011524,81,3.24
0.0011528,81,3.24
0.0011531999999999998,81,3.24
0.0011535999999999999,80,3.2
0.0011539999999999999,80,3.2
0.0011543999999999999,81,3.24
0.0011547999999999999,81,3.24
0.0011551999999999999,81,3.24
0.0011556,81,3.24
0.001156,82,3.28
0.0011564,81,3.24
0.0011568,81,3.24
0.0011572,81,3.24
0.0011576,82,3.28
0.001158,81,3.24
0.0011584,81,3.24
0.0011588,81,3.24
0.0011592,82,3.28
0.0011596,81,3.24
0.00116,81,3.24
0.0011604,81,3.24
0.0011608,82,3.28
0.0011612,81,3.24
0.0011616,81,3.24
0.001162,78,3.12
0.0011623999999999998,82,3.28
0.0011627999999999999,78,3.12
0.0011631999999999999,77,3.08
0.0011635999999999999,72,2.88
0.0011639999999999999,76,3.04
0.0011644,71,2.84
0.0011648,71,2.84
0.0011652,66,2.64
0.0011656,70,2.8
0.001166,66,2.64
0.0011664,66,2.64
0.0011668,61,2.44
0.0011672,64,2.56
0.0011676,61,2.44
0.001168,60,2.4
0.0011684,56,2.24
0.0011688,59,2.36
0.0011692,56,2.24
0.0011696,55,2.2
0.00117,51,2.04
0.0011704,55,2.2
0.0011708,51,2.04
0.0011711999999999998,51,2.04
0.0011715999999999999,47,1.88
0.0011719999999999999,50,2.0
0.0011723999999999999,47,1.88
0.0011727999999999999,47,1.88
0.0011732,43,1.72
0.0011736,46,1.84
0.001174,44,1.76
0.0011744,43,1.72
0.0011748,40,1.6
0.0011752,43,1.72
0.0011756,40,1.6
0.001176,40,1.6
0.0011764,37,1.48
0.0011768,40,1.6
0.0011772,37,1.48
0.0011776,36,1.44
0.001178,34,1.36
0.0011784,36,1.44
0.0011788,34,1.36
0.0011792,34,1.36
0.0011796,31,1.24
0.0011799999999999998,34,1.36
0.0011803999999999999,31,1.24
0.0011807999999999999,31,1.24
0.0011811999999999999,29,1.16
0.0011815999999999999,31,1.24
0.0011819999999999999,28,1.12
0.0011824,28,1.12
0.0011828,26,1.04
0.0011832,28,1.12
0.0011836,27,1.08
0.001184,27,1.08
0.0011844,25,1.0
0.0011848,26,1.04
0.0011852,24,0.96
0.0011856,24,0.96
0.001186,23,0.92
0.0011864,24,0.96
0.0011868,22,0.88
0.0011872,22,0.88
0.0011876,21,0.84
0.001188,23,0.92
0.0011884,20,0.8
0.0011887999999999998,20,0.8
0.0011891999999999998,19,0.76
0.0011895999999999999,20,0.8
0.0011899999999999999,19,0.76
0.0011903999999999999,19,0.76
0.0011907999999999999,18,0.72
0.0011912,19,0.76
0.0011916,18,0.72
0.001192,18,0.72
0.0011924,16,0.64
0.0011928,18,0.72
0.0011932,16,0.64
0.0011936,16,0.64
0.001194,15,0.6
0.0011944,16,0.64
0.0011948,15,0.6
0.0011952,15,0.6
0.0011956,14,0.56
0.001196,15,0.6
0.0011964,14,0.56
0.0011968,14,0.56
0.0011972,14,0.56
0.0011976,14,0.56
0.0011979999999999998,13,0.52
0.0011983999999999999,13,0.52
0.0011987999999999999,12,0.48
0.0011991999999999999,13,0.52
0.0011995999999999999,12,0.48
0.0012,12,0.48
0.0012004,11,0.44
0.0012008,12,0.48
0.0012012,11,0.44
0.0012016,11,0.44
0.001202,10,0.4
0.0012024,11,0.44
0.0012028,10,0.4
0.0012032,11,0.44
0.0012036,10,0.4
0.001204,10,0.4
0.0012044,10,0.4
0.0012048,10,0.4
0.0012052,9,0.36
0.0012056,10,0.4
0.001206,8,0.32
0.0012064,9,0.36
0.0012067999999999998,8,0.32
0.0012071999999999999,9,0.36
0.0012075999999999999,8,0.32
0.0012079999999999999,8,0.32
0.0012083999999999999,7,0.28
0.0012088,8,0.32
0.0012092,7,0.28
0.0012096,7,0.28
0.00121,7,0.28
0.0012104,8,0.32
0.0012108,7,0.28
0.0012112,7,0.28
0.0012116,6,0.24
0.001212,7,0.28
0.0012124,6,0.24
0.0012128,6,0.24
0.0012132,6,0.24
0.0012136,7,0.28
0.001214,6,0.24
0.0012144,6,0.24
0.0012148,5,0.2
0.0012152,6,0.24
0.0012155999999999998,5,0.2
